Name	NumContigs	NumRefReplicons	NumAssemblyBases	NumReferenceBases	NumLCBs	DCJ_Distance	NumDCJBlocks	NumSNPs	NumMisCalled	NumUnCalled	NumGapsRef	NumGapsAssembly	TotalBasesMissed	PercBasesMissed	ExtraBases	PercExtraBases	MissingChromosomes	ExtraContigs	NumSharedBoundaries	NumInterLcbBoundaries	BrokenCDS	IntactCDS	ContigN50	ContigN90	MinContigLength	MaxContigLength	AA	AC	AG	AT	CA	CC	CG	CT	GA	GC	GG	GT	TA	TC	TG	TT
dsm3757.K27.scafSeq.fas	237	5	3898825	4012900	13	150	153	11952	385	11567	1110	1705	150235	3.7438	14830	0.3804	0	92	1	7	539	3476	125630	11577	100	309821	0	21	7	40	31	0	66	22	11	34	0	21	90	22	20	0
dsm3757.K29.scafSeq.fas	234	5	3897491	4012900	18	149	152	11899	580	11319	1059	1736	146189	3.643	13462	0.3454	1	92	1	10	546	3469	125503	11795	101	311308	0	42	17	60	35	0	102	48	23	57	0	33	94	37	32	0
dsm3757.K31.scafSeq.fas	238	5	3897501	4012900	21	156	159	11481	263	11218	1049	1807	151903	3.7854	14584	0.3742	0	92	1	11	567	3448	118770	13063	100	311088	0	12	3	17	12	0	58	15	8	25	0	20	71	9	13	0
dsm3757.K33.scafSeq.fas	245	5	3895888	4012900	21	162	166	11752	325	11427	1055	1900	153091	3.815	14377	0.369	0	91	1	12	584	3431	112798	12796	100	280306	0	20	2	27	23	0	78	8	5	26	0	27	79	15	15	0
dsm3757.K35.scafSeq.fas	241	5	3893410	4012900	15	149	153	11654	318	11336	1068	2023	158882	3.9593	15874	0.4077	0	96	1	10	621	3394	112740	11863	101	310430	0	26	2	24	23	0	71	3	7	24	0	29	72	18	19	0
dsm3757.K37.scafSeq.fas	233	5	3891952	4012900	17	151	155	14768	342	14426	1172	2235	161585	4.0266	16165	0.4153	0	89	1	9	680	3335	97391	13036	101	309962	0	30	1	20	17	0	93	10	3	24	0	26	80	12	26	0
dsm3757.K39.scafSeq.fas	218	5	3887603	4012900	15	144	148	17867	327	17540	1274	2454	167005	4.1617	19866	0.511	0	78	1	10	725	3290	96318	13645	101	309784	0	35	1	21	13	0	110	6	2	19	0	17	72	8	23	0
dsm3757.K41.scafSeq.fas	227	5	3882131	4012900	10	148	152	22579	417	22162	1432	2708	176787	4.4055	23369	0.602	0	81	1	7	769	3246	85544	13040	100	307360	0	47	8	26	21	0	112	11	1	37	0	27	68	23	36	0
dsm3757.K78.scafSeq.fas	2205	5	2844910	4012900	18	2122	2126	75596	649	74947	4906	6096	1310180	32.6492	116523	4.0958	0	90	1	10	1492	2523	2351	529	101	52242	0	43	12	24	42	0	226	7	11	28	0	26	183	10	37	0
